 5.665149
11.556588
17.053312
 6.946989
 7.542166
12.813144
13.630775
 7.814719
 9.967377
 8.380492
16.229599
22.338078
 7.334992
15.758103
 4.908604
12.695690
 8.789043
 6.182928
10.137228
11.867870
22.754696
12.701016
19.706844
21.893730
 7.666396
12.516598
 4.894275
15.365531
17.326681
15.613440
14.920985
 8.734503
 8.483063
 8.437044
10.392191
13.501122
 7.192504
10.251620
15.962070
16.693930
 6.618009
 8.249468
14.224659
18.630045
10.754686
14.114064
 4.187295
22.768650
 7.768348
15.709151
 9.508800
11.493516
23.822048
 9.557340
 8.028988
18.204079
 8.229113
12.254492
12.630155
 9.518677
18.410843
10.875964
 8.498058
 5.965098
 9.114676
29.567547
 9.282915
11.270573
12.222241
14.858345
10.559539
16.108850
 6.105840
15.323887
 5.377746
14.035492
 5.146267
10.774149
 9.612640
10.542746
 7.397764
10.891110
 5.015163
13.054098
11.057071
 8.622529
17.170256
 9.493476
15.279653
10.615990
 5.368105
10.892528
17.016006
 9.698655
17.301212
17.572796
18.502735
 7.559206
13.001646
22.208504
13.003563
11.201248
10.825103
 9.099689
10.073380
11.760002
18.027470
13.219467
 9.668086
12.462600
 7.103233
17.664801
 6.013495
20.901932
13.015783
10.920541
 4.358987
 7.441649
11.568479
 6.191703
 8.814416
11.770076
 6.836147
 7.873427
 6.722441
 5.650115
11.266939
19.025463
11.071799
11.455938
13.773993
17.229769
17.857662
 8.285529
 4.751798
13.163183
 4.657815
12.820600
14.931704
12.404476
 3.898580
 9.365895
 3.644516
15.206831
15.409817
12.407420
 9.343863
 5.357470
 7.834535
 9.532084
 6.278024
17.889055
 8.793322
11.669076
 8.871201
10.913434
10.151021
15.756364
22.537537
15.780591
 8.512899
13.328057
 6.234383
11.501335
 7.776114
 8.045835
11.601563
12.319130
19.984097
12.084377
 3.092925
 9.179867
12.056758
10.138584
13.598577
 7.414014
13.762402
11.902588
14.562765
 7.067719
11.707029
 5.824977
24.483706
 3.942123
 9.574351
13.649585
16.478546
 9.908251
 5.859473
19.471510
15.665101
 9.103970
 4.384886
14.079018
 8.682834
14.718426
 9.736675
 8.969700
15.469723
13.189198
18.836864
 4.979713
18.476955
10.258699
17.244440
11.003253
 8.723474
12.165648
13.081631
22.705648
 5.008986
14.005105
11.845522
 5.527529
 4.668621
 8.376964
13.035402
 8.438898
13.425411
 9.996155
12.180765
14.429265
21.591579
 9.989007
10.903111
13.518429
 8.963971
 9.536280
19.811840
 9.122687
 6.276733
14.779037
12.369973
10.369142
 6.526027
 9.877982
13.692165
 9.995151
14.647629
 8.853969
10.179325
 5.404381
12.298694
 8.186423
 9.956991
10.116157
23.719429
 4.525262
 7.053266
14.807412
